dum1 = 1:1:10;
dum1 = -dum1;

